Team Members: Benjamin Slachter, Benjamin Howes
Date: 5.3.2022
Program: Maze

async function startProgram() {
	
	playMatrixAnimation(0, false);
	
	await delay(5)
	
	await roll( 0, 50, 3.6)
	
	setSpeed(0)
	
	await strobe({ r: 0, g: 0, b: 255 }, (3 / 1) * 0.5, 1);
	
	await delay(1)
	
	await roll( 90, 50, 2.25)
	
	setSpeed(0)
	
	await delay(1)
	
	await roll( 180, 50, 1.5)
	
	await Sound.Game.Coin.play(true);
	
	stopRoll
}

registerMatrixAnimation({
	frames: [[[0, 0, 0, 0, 0, 0, 0, 0], [0, 0, 0, 0, 0, 0, 0, 0], [0, 0, 1, 1, 1, 1, 1, 1], [0, 0, 0, 0, 0, 0, 0, 0], [0, 0, 0, 0, 0, 0, 0, 0], [1, 1, 1, 1, 1, 1, 0, 0], [0, 0, 0, 0, 0, 0, 0, 0], [0, 0, 0, 0, 0, 0, 0, 0]], [[2, 2, 2, 2, 2, 2, 2, 2], [2, 2, 2, 2, 2, 2, 2, 2], [1, 1, 1, 2, 2, 1, 1, 1], [1, 1, 1, 2, 2, 1, 1, 1], [1, 1, 1, 2, 2, 1, 1, 1], [1, 1, 1, 2, 2, 1, 1, 1], [1, 1, 1, 2, 2, 1, 1, 1], [1, 1, 1, 2, 2, 1, 1, 1]], [[1, 1, 1, 11, 11, 1, 1, 1], [1, 1, 1, 11, 11, 1, 1, 1], [1, 1, 11, 11, 11, 11, 1, 1], [1, 1, 11, 1, 1, 11, 1, 1], [1, 11, 11, 1, 1, 11, 11, 1], [1, 11, 11, 11, 11, 11, 11, 1], [11, 11, 1, 1, 1, 1, 11, 11], [11, 11, 1, 1, 1, 1, 11, 11]], [[1, 14, 14, 14, 14, 14, 14, 1], [14, 14, 14, 14, 14, 14, 14, 14], [14, 14, 1, 1, 1, 1, 14, 14], [14, 14, 1, 1, 1, 1, 14, 14], [14, 14, 14, 14, 14, 14, 14, 1], [14, 14, 14, 14, 14, 14, 1, 1], [14, 14, 1, 1, 14, 14, 14, 1], [14, 14, 1, 1, 1, 14, 14, 14]], [[8, 8, 8, 8, 8, 8, 8, 8], [8, 8, 8, 8, 8, 8, 8, 8], [1, 1, 1, 8, 8, 1, 1, 1], [1, 1, 1, 8, 8, 1, 1, 1], [1, 1, 1, 8, 8, 1, 1, 1], [1, 1, 1, 8, 8, 1, 1, 1], [1, 1, 1, 8, 8, 1, 1, 1], [1, 1, 1, 8, 8, 1, 1, 1]]],
	palette: [{ r: 255, g: 255, b: 255 }, { r: 0, g: 0, b: 0 }, { r: 255, g: 0, b: 0 }, { r: 255, g: 64, b: 0 }, { r: 255, g: 128, b: 0 }, { r: 255, g: 191, b: 0 }, { r: 255, g: 255, b: 0 }, { r: 185, g: 246, b: 30 }, { r: 0, g: 255, b: 0 }, { r: 185, g: 255, b: 255 }, { r: 0, g: 255, b: 255 }, { r: 0, g: 0, b: 255 }, { r: 145, g: 0, b: 211 }, { r: 157, g: 48, b: 118 }, { r: 255, g: 0, b: 255 }, { r: 204, g: 27, b: 126 }],
	fps: 1,
	transition: MatrixAnimationTransition.None
});

